10
6 1 6 8 1 3 0 8 9 2

15
4 3 8 2 6 7 3 1 7 5 8 4 5 0 1

20
6 2 10 2 5 9 0 1 0 10 2 8 8 8 5 6 6 2 3 4

25
2 5 10 1 7 8 7 0 1 0 9 2 10 10 5 8 9 1 7 10 2 1 8 5 2

30
2 8 0 10 10 1 6 6 9 3 5 0 9 1 2 10 8 6 9 8 5 9 2 10 1 8 3 0 1 9

35
3 3 5 10 10 5 4 4 10 6 7 8 2 8 5 5 5 8 8 2 2 4 9 3 4 3 3 1 7 4 2 9 5 5 9

40
0 7 3 2 1 7 2 5 8 5 6 3 2 5 2 2 0 4 2 4 5 9 8 2 5 1 8 0 5 3 0 4 6 3 4 9 4 9 9 10

45
8 5 1 5 1 10 4 9 9 2 3 6 0 3 6 4 10 2 2 6 1 9 5 7 2 7 3 4 9 6 6 3 1 1 2 9 7 0 2 4 8 7 8 8 10

50
2 9 5 4 2 8 7 9 6 3 10 1 4 5 9 2 7 7 2 2 9 3 3 2 0 8 10 5 2 6 9 7 9 7 4 3 7 9 9 1 1 8 7 3 8 9 1 8 6 7
